0.8097930562423573 [0.00000000e+00 8.29741732e-01 1.09661344e-01 9.92611923e-03
 6.82762543e-04 3.78879906e-05]
0.8491184243768423 [0.00000000e+00 8.21528004e-01 1.06254807e-01 9.39395588e-03
 6.30071609e-04 3.40405627e-05]
0.7604311313342373 [0.00000000e+00 8.35011608e-01 1.13516818e-01 1.06022640e-02
 7.54576916e-04 4.34394329e-05]
0.6773482617873889 [0.00000000e+00 8.37382579e-01 1.19746126e-01 1.18513239e-02
 8.99840746e-04 5.56165819e-05]
0.6401758960492799 [0.00000000e+00 8.36852280e-01 1.22581487e-01 1.24811415e-02
 9.78893391e-04 6.27345766e-05]
0.9404292931137717 [0.00000000e+00 7.54798153e-01 9.30971640e-02 7.82591044e-03
 4.97919815e-04 2.54641508e-05]
0.7774778054334841 [0.00000000e+00 8.33640671e-01 1.12215005e-01 1.03653724e-02
 7.28836417e-04 4.14114828e-05]
0.697839042748795 [0.00000000e+00 8.37317988e-01 1.18206582e-01 1.15252624e-02
 8.60422515e-04 5.21938355e-05]
0.9064224848180324 [0.00000000e+00 7.94618310e-01 9.97156399e-02 8.53568903e-03
 5.53376243e-04 2.88532077e-05]
0.7630393272035075 [0.00000000e+00 8.34827193e-01 1.13318969e-01 1.05657073e-02
 7.50565282e-04 4.31206721e-05]
0.9511631210555718 [0.00000000e+00 7.32358905e-01 8.98467044e-02 7.51062196e-03
 4.75126090e-04 2.41563202e-05]
0.8672897547404685 [0.00000000e+00 8.15672561e-01 1.04475036e-01 9.14023834e-03
 6.06279026e-04 3.23743899e-05]
0.8078330591351603 [0.00000000e+00 8.30037214e-01 1.09820772e-01 9.95253907e-03
 6.85470486e-04 3.80911462e-05]
0.7367186982170097 [0.00000000e+00 8.36324554e-01 1.15301070e-01 1.09407678e-02
 7.92389347e-04 4.64918024e-05]
0.927681637444315 [0.00000000e+00 7.73777111e-01 9.60524972e-02 8.12873817e-03
 5.20782486e-04 2.68234637e-05]
0.8613980093603819 [0.00000000e+00 8.17761994e-01 1.05072190e-01 9.22355435e-03
 6.13992098e-04 3.29093098e-05]
0.9469034317582341 [0.00000000e+00 7.41933677e-01 9.12154631e-02 7.64196095e-03
 4.84535619e-04 2.46920216e-05]
0.7957072539765606 [0.00000000e+00 8.31682322e-01 1.10792343e-01 1.01164499e-02
 7.02454797e-04 3.93767437e-05]
0.9054130220761952 [0.00000000e+00 7.95383458e-01 9.98635600e-02 8.55305050e-03
 5.54819410e-04 2.89456220e-05]
0.6691479186728955 [0.00000000e+00 8.37333218e-01 1.20366113e-01 1.19857985e-02
 9.16398583e-04 5.70797008e-05]
0.856396421381332 [0.00000000e+00 8.19385331e-01 1.05563189e-01 9.29342119e-03
 6.20535996e-04 3.33671143e-05]
0.9345811237438115 [0.00000000e+00 7.64394452e-01 9.45577672e-02 7.97309574e-03
 5.08889595e-04 2.61096076e-05]
0.7020255745983426 [0.00000000e+00 8.37269227e-01 1.17893284e-01 1.14602870e-02
 8.52691783e-04 5.15326664e-05]
0.8286858422009824 [0.00000000e+00 8.26399092e-01 1.08081562e-01 9.67163577e-03
 6.57114710e-04 3.59894982e-05]
0.8173160586712958 [0.00000000e+00 8.28523127e-01 1.09042254e-01 9.82480569e-03
 6.72456204e-04 3.71194604e-05]
0.795254071625495 [0.00000000e+00 8.31738092e-01 1.10828211e-01 1.01225961e-02
 7.03097747e-04 3.94257915e-05]
0.7406467034941451 [0.00000000e+00 8.36149039e-01 1.15006856e-01 1.08838654e-02
 7.85950044e-04 4.59659660e-05]
0.7479404971519766 [0.00000000e+00 8.35780750e-01 1.14459372e-01 1.07791142e-02
 7.74183170e-04 4.50114276e-05]
0.9815913775751234 [0.00000000e+00 5.61405337e-01 6.78642705e-02 5.58702142e-03
 3.47969815e-04 1.74134051e-05]
0.8868206377321759 [0.00000000e+00 8.07042169e-01 1.02310172e-01 8.85281093e-03
 5.80446830e-04 3.06215632e-05]
0.8907872663883077 [0.00000000e+00 8.04891754e-01 1.01826374e-01 8.79154505e-03
 5.75099405e-04 3.02665098e-05]
0.7620761025926079 [0.00000000e+00 8.34896305e-01 1.13392084e-01 1.05791938e-02
 7.52043602e-04 4.32380230e-05]
0.6515531633001772 [0.00000000e+00 8.37095456e-01 1.21706321e-01 1.22826894e-02
 9.53572590e-04 6.04183607e-05]
0.8015690981406185 [0.00000000e+00 8.30924895e-01 1.10325652e-01 1.00370947e-02
 6.94192814e-04 3.87489315e-05]
0.8485789627993902 [0.00000000e+00 8.21677284e-01 1.06305092e-01 9.40136290e-03
 6.30779644e-04 3.40908616e-05]
0.836701481086344 [0.00000000e+00 8.24667106e-01 1.07382431e-01 9.56326668e-03
 6.46440153e-04 3.52135006e-05]
0.955438901524025 [0.00000000e+00 7.21362479e-01 8.83088442e-02 7.36570691e-03
 4.64900510e-04 2.35816873e-05]
0.7134919667823592 [0.00000000e+00 8.37068239e-01 1.17036436e-01 1.12849780e-02
 8.32041530e-04 4.97830372e-05]
0.6437599677714188 [0.00000000e+00 8.36936138e-01 1.22304995e-01 1.24180527e-02
 9.70802831e-04 6.19908127e-05]
0.8036040777576257 [0.00000000e+00 8.30645713e-01 1.10162372e-01 1.00096016e-02
 6.91347514e-04 3.85337863e-05]
0.9565758424633485 [0.00000000e+00 7.17984871e-01 8.78459400e-02 7.32282045e-03
 4.61917413e-04 2.34160995e-05]
0.6518698815688214 [0.00000000e+00 8.37101251e-01 1.21682060e-01 1.22772398e-02
 9.52882599e-04 6.03557189e-05]
0.6859760757575822 [0.00000000e+00 8.37389318e-01 1.19096425e-01 1.17123534e-02
 8.82913595e-04 5.41362825e-05]
0.7199748522402298 [0.00000000e+00 8.36908273e-01 1.16552378e-01 1.11874985e-02
 8.20691192e-04 4.88316689e-05]
0.9521058596401305 [0.00000000e+00 7.30108841e-01 8.95283516e-02 7.48033529e-03
 4.72971939e-04 2.40344478e-05]
0.6769761513421995 [0.00000000e+00 8.37381229e-01 1.19774204e-01 1.18573747e-02
 9.00582022e-04 5.56817654e-05]
0.8146571176725634 [0.00000000e+00 8.28969672e-01 1.09262431e-01 9.86060355e-03
 6.76083583e-04 3.73890986e-05]
0.9207633797554717 [0.00000000e+00 7.81724018e-01 9.73801891e-02 8.27152738e-03
 5.31956401e-04 2.75068689e-05]
0.7458554849770743 [0.00000000e+00 8.35891823e-01 1.14616055e-01 1.08089413e-02
 7.77522140e-04 4.52814489e-05]
0.7417189846224808 [0.00000000e+00 8.36098407e-01 1.14926472e-01 1.08683927e-02
 7.84204839e-04 4.58238735e-05]
0.9905694710748835 [0.00000000e+00 4.43417168e-01 5.33540438e-02 4.37162812e-03
 2.70965580e-04 1.34942284e-05]
0.8850327394499613 [0.00000000e+00 8.07961444e-01 1.02522634e-01 8.88004561e-03
 5.82841979e-04 3.07814833e-05]
0.9637921246889407 [0.00000000e+00 6.89751013e-01 8.40975422e-02 6.98503331e-03
 4.38981926e-04 2.21696922e-05]
0.6372557659211193 [0.00000000e+00 8.36779138e-01 1.22807329e-01 1.25329417e-02
 9.85564804e-04 6.33504664e-05]
0.90689042240428 [0.00000000e+00 7.94258139e-01 9.96464405e-02 8.52759460e-03
 5.52704913e-04 2.88102912e-05]
0.790747381516404 [0.00000000e+00 8.32271916e-01 1.11183369e-01 1.01838188e-02
 7.09525788e-04 3.99176619e-05]
0.6780509814267249 [0.00000000e+00 8.37384894e-01 1.19693115e-01 1.18399101e-02
 8.98443437e-04 5.54937922e-05]
0.8318816886192203 [0.00000000e+00 8.25733636e-01 1.07805208e-01 9.62848768e-03
 6.52846411e-04 3.56781845e-05]
0.8805975426044667 [0.00000000e+00 8.10117812e-01 1.03035860e-01 8.94668679e-03
 5.88749504e-04 3.11782398e-05]
0.9714936398074694 [0.00000000e+00 6.56760719e-01 7.97649503e-02 6.59865290e-03
 4.13007166e-04 2.07715334e-05]
0.8728264892983161 [0.00000000e+00 8.13513764e-01 1.03892878e-01 9.06073168e-03
 5.99011877e-04 3.18751489e-05]
0.7581603795164054 [0.00000000e+00 8.35165228e-01 1.13688748e-01 1.06341914e-02
 7.58092148e-04 4.37195606e-05]
0.6528227442667124 [0.00000000e+00 8.37118360e-01 1.21609105e-01 1.22608684e-02
 9.50811475e-04 6.01678408e-05]
0.6774620214643703 [0.00000000e+00 8.37382975e-01 1.19737543e-01 1.18494750e-02
 8.99614315e-04 5.55966769e-05]
0.9596869789774665 [0.00000000e+00 7.07309678e-01 8.64084162e-02 7.19164090e-03
 4.52911171e-04 2.29218238e-05]
0.8544746235834507 [0.00000000e+00 8.19975310e-01 1.05748315e-01 9.32008690e-03
 6.23051592e-04 3.35440537e-05]
0.6875114944402618 [0.00000000e+00 8.37385463e-01 1.18981048e-01 1.16878832e-02
 8.79952478e-04 5.38789459e-05]
0.8931264207927251 [0.00000000e+00 8.03547236e-01 1.01532477e-01 8.75482430e-03
 5.71921276e-04 3.00568035e-05]
0.9721935282427335 [0.00000000e+00 6.54072096e-01 7.94089861e-02 6.56669683e-03
 4.10847401e-04 2.06547844e-05]
0.6554357995285826 [0.00000000e+00 8.37162757e-01 1.21409280e-01 1.22161558e-02
 9.45168089e-04 5.96570708e-05]
0.8662938530938493 [0.00000000e+00 8.16040146e-01 1.04577514e-01 9.15440824e-03
 6.07583795e-04 3.24645170e-05]
0.6608157623183997 [0.00000000e+00 8.37242340e-01 1.20998945e-01 1.21249308e-02
 9.33713793e-04 5.86255955e-05]
0.8993881391977341 [0.00000000e+00 7.99635402e-01 1.00710307e-01 8.65403236e-03
 5.63302226e-04 2.94931126e-05]
0.7770047072171106 [0.00000000e+00 8.33684281e-01 1.12251449e-01 1.03718866e-02
 7.29536091e-04 4.14660568e-05]
0.8541509368735531 [0.00000000e+00 8.20072915e-01 1.05779312e-01 9.32456920e-03
 6.23475416e-04 3.35739156e-05]
0.9242842767946576 [0.00000000e+00 7.77844490e-01 9.67237568e-02 8.20034466e-03
 5.26352867e-04 2.71625732e-05]
0.7689309200675936 [0.00000000e+00 8.34377991e-01 1.12870421e-01 1.04835618e-02
 7.41603041e-04 4.24121304e-05]
0.8941680957013387 [0.00000000e+00 8.02928993e-01 1.01399394e-01 8.73831805e-03
 5.70499293e-04 2.99632962e-05]
0.7900101541609882 [0.00000000e+00 8.32355738e-01 1.11241214e-01 1.01938526e-02
 7.10583355e-04 3.99988468e-05]
0.9704672558400804 [0.00000000e+00 6.60600697e-01 8.02748678e-02 6.64455300e-03
 4.16116854e-04 2.09400004e-05]
0.8169259404404798 [0.00000000e+00 8.28589766e-01 1.09074657e-01 9.83005767e-03
 6.72987403e-04 3.71588884e-05]
0.8114080965613233 [0.00000000e+00 8.29491619e-01 1.09529421e-01 9.90435919e-03
 6.80538486e-04 3.77215168e-05]
0.6406457517854529 [0.00000000e+00 8.36863647e-01 1.22545197e-01 1.24728403e-02
 9.77826660e-04 6.26363151e-05]
0.8973834242488231 [0.00000000e+00 8.00940233e-01 1.00979489e-01 8.68672503e-03
 5.66081134e-04 2.96740452e-05]
0.8134275578237855 [0.00000000e+00 8.29170205e-01 1.09363728e-01 9.87716000e-03
 6.77766523e-04 3.75145136e-05]
0.7239229547502156 [0.00000000e+00 8.36793459e-01 1.16257568e-01 1.11286836e-02
 8.13888894e-04 4.82650487e-05]
0.9917446492598245 [0.00000000e+00 4.52790035e-01 5.44362625e-02 4.45648271e-03
 2.75986250e-04 1.37323096e-05]
0.8211139585000242 [0.00000000e+00 8.27853583e-01 1.08724969e-01 9.77367374e-03
 6.67302315e-04 3.67379590e-05]
0.8873111620100158 [0.00000000e+00 8.06784667e-01 1.02251289e-01 8.84529899e-03
 5.79788148e-04 3.05776803e-05]
0.9635768060145513 [0.00000000e+00 6.90734288e-01 8.42261486e-02 6.99646549e-03
 4.39748584e-04 2.22108859e-05]
0.8355220341289391 [0.00000000e+00 8.24935363e-01 1.07486589e-01 9.57924627e-03
 6.48004617e-04 3.53266937e-05]
0.865334028479116 [0.00000000e+00 8.16388724e-01 1.04675670e-01 9.16802994e-03
 6.08840810e-04 3.25514857e-05]
0.9169219895887447 [0.00000000e+00 7.85600029e-01 9.80547695e-02 8.34599634e-03
 5.37893337e-04 2.78752225e-05]
0.724843118636787 [0.00000000e+00 8.36764746e-01 1.16188847e-01 1.11150342e-02
 8.12315224e-04 4.81343443e-05]
0.8979407696278133 [0.00000000e+00 8.00582624e-01 1.00905239e-01 8.67767792e-03
 5.65310517e-04 2.96237933e-05]
0.8642246807210849 [0.00000000e+00 8.16784784e-01 1.04788387e-01 9.18373243e-03
 6.10293145e-04 3.26521384e-05]
0.7174433210331788 [0.00000000e+00 8.36974889e-01 1.16741392e-01 1.12254279e-02
 8.25096345e-04 4.92000278e-05]
0.8725318797904169 [0.00000000e+00 8.13633772e-01 1.03924411e-01 9.06499557e-03
 5.99399278e-04 3.19016443e-05]
0.9345514417134543 [0.00000000e+00 7.64438722e-01 9.45646568e-02 7.97380132e-03
 5.08942836e-04 2.61127714e-05]
0.92140106444623 [0.00000000e+00 7.81045482e-01 9.72641137e-02 8.25885166e-03
 5.30953559e-04 2.74450135e-05]
