     1        .000      .00008      .00008
     2        .097      .00005      .00013
     3        .197      .00028      .00041
     4        .297      .00055      .00096
     5        .397      .00056      .00152
     6        .497      .00218      .00370
     7        .597      .00191      .00561
     8        .697      .00434      .00995
     9        .797      .00429      .01424
    10        .897      .00688      .02112
    11        .997      .01300      .03412
    12       1.097      .01078      .04490
    13       1.197      .02793      .07283
    14       1.297      .03715      .10998
    15       1.397      .04480      .15478
    16       1.497      .07176      .22654
    17       1.597      .06825      .29479
    18       1.697      .05171      .34650
    19       1.797      .06187      .40837
    20       1.897      .05023      .45860
    21       1.997      .03334      .49194
    22       2.097      .02239      .51433
    23       2.197      .01483      .52916
    24       2.297      .01008      .53924
    25       2.397      .01562      .55486
    26       2.647      .00940      .56426
    27       2.897      .00518      .56944
    28       3.147      .00249      .57193
    29       3.397      .00116      .57309
    30       3.647      .00055      .57364
    31       3.897      .00036      .57400
    32       4.397      .00007      .57407
    33       4.897      .00001      .57408
    34      20.881      .00003      .57411
    35      21.881      .00021      .57432
    36      22.881      .00109      .57541
    37      23.881      .00385      .57926
    38      24.881      .00973      .58899
    39      25.881      .01833      .60732
    40      26.881      .02671      .63403
    41      27.881      .03093      .66496
    42      28.881      .02913      .69409
    43      29.881      .02276      .71685
    44      30.881      .01503      .73188
    45      31.881      .00882      .74070
    46      32.881      .00727      .74797
    47      33.881      .01389      .76186
    48      34.881      .02175      .78361
    49      35.881      .02086      .80447
    50      36.881      .01310      .81757
    51      37.881      .00676      .82433
    52      38.725      .00010      .82443
    53      38.881      .00416      .82859
    54      39.881      .00370      .83229
    55      40.881      .00350      .83579
    56      41.881      .00269      .83848
    57      42.732      .00965      .84813
    58      42.881      .00166      .84979
    59      43.405      .00029      .85008
    60      43.881      .00091      .85099
    61      43.963      .00372      .85471
    62      44.147      .00128      .85599
    63      44.881      .00043      .85642
    64      45.881      .00016      .85658
    65      46.881      .00004      .85662
    66      47.913      .00129      .85791
    67      50.599      .01216      .87007
    68      52.553      .00440      .87447
    69      55.109      .00065      .87512
    70      55.852      .00154      .87666
    71      57.004      .00159      .87825
    72      58.092      .00000      .87825
    73      58.592      .00001      .87826
    74      59.092      .00003      .87829
    75      59.592      .00010      .87839
    76      60.092      .00026      .87865
    77      60.592      .00058      .87923
    78      61.092      .00126      .88049
    79      61.592      .00206      .88255
    80      62.092      .00301      .88556
    81      62.592      .00377      .88933
    82      63.092      .00418      .89351
    83      63.592      .00377      .89728
    84      64.092      .00301      .90029
    85      64.386      .00003      .90032
    86      64.592      .00206      .90238
    87      64.886      .00007      .90245
    88      65.092      .00126      .90371
    89      65.386      .00023      .90394
    90      65.592      .00058      .90452
    91      65.886      .00060      .90512
    92      66.092      .00026      .90538
    93      66.386      .00133      .90671
    94      66.592      .00010      .90681
    95      66.886      .00288      .90969
    96      67.092      .00003      .90972
    97      67.386      .00471      .91443
    98      67.592      .00001      .91444
    99      67.886      .00688      .92132
   100      68.092      .00000      .92132
   101      68.386      .00863      .92995
   102      68.886      .00956      .93951
   103      69.386      .00863      .94814
   104      69.886      .00688      .95502
   105      70.386      .00471      .95973
   106      70.886      .00288      .96261
   107      71.386      .00133      .96394
   108      71.725      .00306      .96700
   109      71.886      .00060      .96760
   110      72.386      .00023      .96783
   111      72.886      .00007      .96790
   112      73.386      .00003      .96793
   113      74.820      .00245      .97038
   114      76.169      .00088      .97126
   115      76.868      .00100      .97226
   116      77.221      .00273      .97499
   117      79.427      .00020      .97519
   118      80.865      .00238      .97757
   119      81.965      .00137      .97894
   120      83.429      .00151      .98045
   121      84.170      .00212      .98257
   122      84.218      .00112      .98369
   123      86.123      .00014      .98383
   124      87.374      .00010      .98393
   125      88.259      .00009      .98402
   126      88.876      .00013      .98415
   127      89.871      .00026      .98441
   128      90.690      .00023      .98464
   129      91.784      .00052      .98516
   130      93.247      .00178      .98694
   131      94.333      .00133      .98827
   132      96.192      .00026      .98853
   133      96.701      .00054      .98907
   134      97.543      .00023      .98930
   135      98.514      .00005      .98935
   136      98.840      .00010      .98945
   137     100.263      .00014      .98959
   138     100.784      .00003      .98962
   139     101.620      .00003      .98965
   140     102.426      .00005      .98970
   141     102.842      .00001      .98971
   142     103.170      .00001      .98972
   143     103.594      .00006      .98978
   144     104.236      .00002      .98980
   145     105.008      .00001      .98981
   146     105.799      .00002      .98983
   147     106.990      .00006      .98989
   148     108.711      .00010      .98999
   149     109.189      .00008      .99007
   150     109.975      .00007      .99014
   151     111.148      .00005      .99019
   152     112.339      .00013      .99032
   153     113.145      .00010      .99042
   154     113.882      .00005      .99047
   155     114.892      .00002      .99049
   156     115.612      .00002      .99051
   157     116.455      .00001      .99052
   158     117.594      .00005      .99057
   159     118.481      .00023      .99080
   160     119.245      .00023      .99103
   161     120.360      .00009      .99112
   162     121.764      .00013      .99125
   163     123.594      .00009      .99134
   164     124.247      .00005      .99139
   165     125.709      .00012      .99151
   166     127.715      .00003      .99154
   167     129.373      .00002      .99156
   168     130.271      .00004      .99160
   169     132.887      .00060      .99220
   170     133.402      .00025      .99245
   171     134.813      .00082      .99327
   172     135.371      .00006      .99333
   173     136.379      .00005      .99338
   174     136.916      .00003      .99341
   175     138.243      .00008      .99349
   176     139.737      .00010      .99359
   177     141.093      .00006      .99365
   178     142.461      .00047      .99412
   179     144.001      .00004      .99416
   180     144.391      .00007      .99423
   181     147.073      .00021      .99444
   182     148.311      .00015      .99459
   183     148.895      .00001      .99460
   184     150.849      .00004      .99464
   185     151.442      .00001      .99465
   186     152.854      .00000      .99465
   187     154.169      .00002      .99467
   188     156.093      .00001      .99468
   189     157.003      .00003      .99471
   190     158.134      .00003      .99474
   191     159.271      .00002      .99476
   192     162.054      .00007      .99483
   193     164.173      .00002      .99485
