      170.000000000000000   2.716410305992504E-003
      175.000000000000000   2.123836363663659E-002
      180.000000000000000   7.009366431020396E-002
      185.000000000000000   1.625602733702340E-001
      190.000000000000000   3.108047709997843E-001
      195.000000000000000   5.260021795665540E-001
      200.000000000000000   8.184400827803531E-001
      205.000000000000000        1.197609449815072
      210.000000000000000        1.672284152144290
      215.000000000000000        2.250590821998548
      220.000000000000000        2.940070427084668
      225.000000000000000        3.747732712962120
      230.000000000000000        4.680104481791217
      235.000000000000000        5.743272525929486
      240.000000000000000        6.942921910703578
      245.000000000000000        8.284370197627869
      250.000000000000000        9.772598113423296
      255.000000000000000       11.412277098265360
      260.000000000000000       13.207794106242480
      265.000000000000000       15.163273980012360
      270.000000000000000       17.282599678471290
      275.000000000000000       19.569430599574310
      280.000000000000000       22.027219209181400
      285.000000000000000       24.659226160074690
      290.000000000000000       27.468534062365180
      295.000000000000000       30.458060046787510
      300.000000000000000       33.630567245370910
      305.000000000000000       36.988675299262110
      310.000000000000000       40.534869990717160
      315.000000000000000       44.271512085188230
      320.000000000000000       48.200845459764770
      325.000000000000000       52.325004585786060
      330.000000000000000       56.646021426049690
      335.000000000000000       61.165831800555570
      340.000000000000000       65.886281269022500
      345.000000000000000       70.809130573390160
      350.000000000000000       75.936060679085170
      355.000000000000000       81.268677449906070
      360.000000000000000       86.808515987906730
      365.000000000000000       92.557044666571930
      370.000000000000000       98.515668882835100
      375.000000000000000      104.685734551043300
      380.000000000000000      111.068531359794100
      385.000000000000000      117.665295810620200
      390.000000000000000      124.477214055752500
      395.000000000000000      131.505424550629800
      400.000000000000000      138.751020535417900
      405.000000000000000      146.215052358539700
      410.000000000000000      153.898529654082100
      415.000000000000000      161.802423383920900
      420.000000000000000      169.927667754479400
      425.000000000000000      178.275162017202100
      430.000000000000000      186.845772161068500
      435.000000000000000      195.640332504785300
      440.000000000000000      204.659647195675600
      445.000000000000000      213.904491621718800
      450.000000000000000      223.375613742678800
      455.000000000000000      233.073735345796700
      460.000000000000000      242.999553231090600
      465.000000000000000      253.153740330925600
      470.000000000000000      263.536946768153400
      475.000000000000000      274.149800856803700
      480.000000000000000      284.992910049009400
      485.000000000000000      296.066861831577500
      490.000000000000000      307.372224575367100
      495.000000000000000      318.909548340407500
      500.000000000000000      330.679365639482800
      505.000000000000000      342.682192162710600
      510.000000000000000      354.918527465471000
      515.000000000000000      367.388855621871900
      520.000000000000000      380.093645845796400
      525.000000000000000      393.033353081423800
      530.000000000000000      406.208418565005500
      535.000000000000000      419.619270359541400
      540.000000000000000      433.266323863906700
      545.000000000000000      447.149982297868900
      550.000000000000000      461.270637164344700
      555.000000000000000      475.628668690159500
      560.000000000000000      490.224446246488100
      565.000000000000000      505.058328750090600
      570.000000000000000      520.130665046368300
      575.000000000000000      535.441794275226900
      580.000000000000000      550.992046220647100
      585.000000000000000      566.781741644829400
      590.000000000000000      582.811192607709400
      595.000000000000000      599.080702772607900
      600.000000000000000      615.590567698722700
      605.000000000000000      632.341075121133100
      610.000000000000000      649.332505218945700
      615.000000000000000      666.565130872180100
      620.000000000000000      684.039217907944600
      625.000000000000000      701.755025336441900
      630.000000000000000      719.712805577288100
      635.000000000000000      737.912804676626400
      640.000000000000000      756.355262515470700
      645.000000000000000      775.040413009703700
      650.000000000000000      793.968484302118100
      655.000000000000000      813.139698946882400
      660.000000000000000      832.554274086779000
      665.000000000000000      852.212421623552900
      670.000000000000000      872.114348381685600
      675.000000000000000      892.260256265895100
      680.000000000000000      912.650342412647700
      685.000000000000000      933.284799335947500
      690.000000000000000      954.163815067660800
      695.000000000000000      975.287573292622600
      700.000000000000000      996.656253478742500
      705.000000000000000     1018.270031002344000
      710.000000000000000     1040.129077268927000
      715.000000000000000     1062.233559829573000
      720.000000000000000     1084.583642493155000
      725.000000000000000     1107.179485434547000
      730.000000000000000     1130.021245298996000
      735.000000000000000     1153.109075302822000
      740.000000000000000     1176.443125330588000
      745.000000000000000     1200.023542028900000
      750.000000000000000     1223.850468896970000
      755.000000000000000     1247.924046374063000
      760.000000000000000     1272.244411923978000
      765.000000000000000     1296.811700116661000
      770.000000000000000     1321.626042707075000
      775.000000000000000     1346.687568711432000
      780.000000000000000     1371.996404480900000
      785.000000000000000     1397.552673772870000
      790.000000000000000     1423.356497819889000
      795.000000000000000     1449.407995396350000
      800.000000000000000     1475.707282883014000
      805.000000000000000     1502.254474329465000
      810.000000000000000     1529.049681514555000
      815.000000000000000     1556.093014004939000
      820.000000000000000     1583.384579211755000
      825.000000000000000     1610.924482445516000
      830.000000000000000     1638.712826969295000
      835.000000000000000     1666.749714050265000
      840.000000000000000     1695.035243009632000
      845.000000000000000     1723.569511271048000
      850.000000000000000     1752.352614407545000
      855.000000000000000     1781.384646187037000
      860.000000000000000     1810.665698616464000
      865.000000000000000     1840.195861984603000
      870.000000000000000     1869.975224903600000
      875.000000000000000     1900.003874349281000
      880.000000000000000     1930.281895700263000
      885.000000000000000     1960.809372775929000
      890.000000000000000     1991.586387873286000
      895.000000000000000     2022.613021802760000
      900.000000000000000     2053.889353922963000
      905.000000000000000     2085.415462174449000
      910.000000000000000     2117.191423112522000
      915.000000000000000     2149.217311939107000
      920.000000000000000     2181.493202533717000
      925.000000000000000     2214.019167483563000
      930.000000000000000     2246.795278112807000
      935.000000000000000     2279.821604511019000
      940.000000000000000     2313.098215560838000
      945.000000000000000     2346.625178964874000
      950.000000000000000     2380.402561271877000
      955.000000000000000     2414.430427902192000
      960.000000000000000     2448.708843172527000
      965.000000000000000     2483.237870320057000
      970.000000000000000     2518.017571481426000
      975.000000000000000     2553.048007889084000
      980.000000000000000     2588.329239639301000
      985.000000000000000     2623.861325879476000
      990.000000000000000     2659.644324788677000
      995.000000000000000     2695.678293598180000
     1000.000000000000000     2731.963288611441000
     1005.000000000000000     2768.499365223574000
     1010.000000000000000     2805.286577940318000
     1015.000000000000000     2842.324980396513000
     1020.000000000000000     2879.614625374121000
     1025.000000000000000     2917.155564819774000
     1030.000000000000000     2954.947849861891000
     1035.000000000000000     2992.991530827348000
     1040.000000000000000     3031.286657257759000
     1045.000000000000000     3069.833277925321000
     1050.000000000000000     3108.631440848288000
     1055.000000000000000     3147.681193306053000
     1060.000000000000000     3186.982581853866000
     1065.000000000000000     3226.535652337186000
     1070.000000000000000     3266.340449905691000
     1075.000000000000000     3306.397019026941000
     1080.000000000000000     3346.705403499722000
     1085.000000000000000     3387.265646467060000
     1090.000000000000000     3428.077790428926000
     1095.000000000000000     3469.141877254650000
     1100.000000000000000     3510.457948195024000
     1105.000000000000000     3552.026043894133000
     1110.000000000000000     3593.846204400901000
     1115.000000000000000     3635.918469180375000
     1120.000000000000000     3678.242877124738000
     1125.000000000000000     3720.819466564075000
     1130.000000000000000     3763.648275276880000
     1135.000000000000000     3806.729340500338000
     1140.000000000000000     3850.062698940359000
     1145.000000000000000     3893.648386781386000
     1150.000000000000000     3937.486439695988000
     1155.000000000000000     3981.576892854223000
     1160.000000000000000     4025.919780932813000
