    1857.000000000000000        1.000000000000000   2.500000000000000E-001
   0.000000000000000E+000       -1.799999997019768   0.000000000000000E+000   0.000000000000000E+000
       -1.599999994039536   0.000000000000000E+000  -1.493632599127456E-012
       -1.399999991059303   0.000000000000000E+000   5.974530396509823E-012
       -1.199999988079071   0.000000000000000E+000  -2.240448898691184E-011
  -9.999999850988388E-001   0.000000000000000E+000   8.364342555113752E-011
  -7.999999821186066E-001   0.000000000000000E+000  -3.121692132176383E-010
  -5.999999791383743E-001   0.000000000000000E+000   1.165033427319416E-009
  -3.999999761581421E-001   0.000000000000000E+000  -4.347964496060024E-009
  -1.999999731779099E-001   0.000000000000000E+000   1.622682455692068E-008
   2.980232238769531E-008   1.188543546459158E-036  -6.055933373162271E-008
   2.000000327825546E-001   2.420957706402951E-009   5.891541555074888E-007
   4.000000357627869E-001   3.898921620477728E-008   2.826037677847046E-006
   6.000000387430191E-001   1.987183923565341E-007   6.580832230539502E-006
   8.000000417232513E-001   6.323752647049918E-007   1.193978660494789E-005
        1.000000044703484   1.554619105841591E-006   1.894806448373620E-005
        1.200000047683716   3.237091463709723E-006   2.630222957135112E-005
        1.400000050663948   5.971056621019818E-006   3.356693244661470E-005
        1.600000053644180   1.005168560142395E-005   4.142960808623870E-005
        1.800000056624413   1.576979110038554E-005   4.633610567196022E-005
        2.000000059604645   2.340611312739519E-005   6.095843985803354E-005
        2.200000062584877   3.333649833615997E-005   5.393960190391262E-005
        2.400000065565109   4.566300230089587E-005   8.270095521049912E-005
        2.600000068545342   6.101202319454736E-005   6.863410307972662E-005
        2.800000071525574   7.927738461453161E-005   8.021369838344966E-005
        3.000000074505806   1.009097509847710E-004   1.155618308730634E-004
        3.200000077486038   1.266767168923740E-004   7.772889024574118E-005
        3.400000080466270   1.559752270140174E-004   1.032542244627853E-004
        3.600000083446503   1.895147579371798E-004   1.454073131721476E-004
        3.800000086426735   2.282168298581911E-004   8.949764944759218E-005
        4.000000089406967   2.712663138908240E-004   1.487138863462665E-004
        4.200000092387199   3.198287370480571E-004   1.425876492126326E-004
        4.400000095367432   3.739963146877028E-004   1.217086641080903E-004
        4.600000098347664   4.334766869247331E-004   1.674968602126505E-004
        4.800000101327896   4.988911099526777E-004   9.841148715119708E-005
        5.000000104308128   5.700133700120196E-004   2.950327203761207E-004
        5.200000107288361   6.502064230723042E-004   8.207654093612253E-005
        5.400000110268593   7.360026000077912E-004   2.171296721118468E-004
        5.600000113248825   8.290064742896141E-004   1.305593403459426E-004
        5.800000116229057   9.288228826235538E-004   2.825130438675208E-004
        6.000000119209290   1.038010445548668E-003   1.450616309678529E-004
        6.200000122189522   1.154535678142267E-003   2.378908497317165E-004
        6.400000125169754   1.279617186662670E-003   1.868163208764504E-004
        6.600000128149986   1.413362009002062E-003   3.143409008828554E-004
        6.800000131130219   1.556139657503924E-003  -8.925604041731366E-005
        7.000000134110451   1.703778311529615E-003   7.718340676303113E-004
        7.200000137090683   1.869961144937727E-003  -2.164534056396687E-004
        7.400000140070915   2.039378288038725E-003   5.791259944027865E-004
        7.600000143051148   2.223452410575735E-003   9.849627790848029E-005
        7.800000146031380   2.415813551652635E-003   2.699416379009566E-004
        8.000000149011612   2.618294372832122E-003   3.396891406373077E-004
        8.200000151991844   2.833239177346516E-003   2.408992440673673E-004
        8.400000154972076   3.058898214961656E-003   3.038488003089529E-004
        8.600000157952309   3.296237323909883E-003   2.957162024458234E-004
        8.800000160932541   3.545567809905721E-003   3.119928934436227E-004
        9.000000163912773   3.807213026417608E-003   3.035217461360826E-004
        9.200000166893005   4.081389675447514E-003   3.536349436950141E-004
        9.400000169873238   4.368397968658234E-003   2.066850488439446E-004
        9.600000172853470   4.666858907938841E-003   5.375217202149666E-004
        9.800000175833702   4.982451412761369E-003   2.129628250003566E-004
       10.000000178813930   5.309853089838605E-003   3.820027651986428E-004
       10.200000181794170   5.651342928993198E-003   3.722503628295562E-004
       10.400000184774400   6.007203037972536E-003   2.845361929548526E-004
       10.600000187754630   6.377710024094198E-003   6.866363712230187E-004
       10.800000190734860   6.763160184368414E-003  -7.896056217651152E-004
       11.000000193715100   7.147029617947161E-003   2.234677118583537E-003
       11.200000196695330   7.580061781297596E-003  -7.746936065902716E-004
       11.400000199675560   8.012111607709142E-003   7.167467713355586E-004
       11.600000202655790   8.460277633582623E-003   3.251363684931120E-004
       11.800000205636020   8.924869480806159E-003   4.465808837712809E-004
       12.000000208616260   9.406182597472709E-003   3.967304381239308E-004
       12.200000211596490   9.904183521018134E-003   4.696683209638045E-004
       12.400000214576720   1.042013917742734E-002   4.178061273248290E-004
       12.600000217556950   1.095339355087509E-002   4.539146481863756E-004
       12.800000220537190   1.150456586737578E-002   4.542266577705107E-004
       13.000000223517420   1.207396677549189E-002   4.634673815575001E-004
       13.200000226497650   1.266189975139724E-002   4.717139015411255E-004
       13.400000229477880   1.326869839299997E-002   4.795267825472017E-004
       13.600000232458120   1.389467438637607E-002   4.867816485478786E-004
       13.800000235438350   1.454013783439765E-002   4.964647329664724E-004
       14.000000238418580   1.520545047318838E-002   5.047379462273983E-004
       14.200000241398810   1.589094266628511E-002   5.115165378125944E-004
       14.400000244379040   1.659692124026796E-002   5.221529438591642E-004
       14.600000247359280   1.732376862368634E-002   5.301930087908593E-004
       14.800000250339510   1.807182292129672E-002   5.381120549739449E-004
       15.000000253319740   1.884141334441465E-002   5.477775011726048E-004
       15.200000256299970   1.963290694963469E-002   5.562551577364476E-004
       15.400000259280210   2.044665605696566E-002   5.655270850309650E-004
       15.600000262260440   2.128302087910485E-002   5.739936222730477E-004
       15.800000265240670   2.214234670346091E-002   5.826486557638104E-004
       16.000000268220900   2.302498996320156E-002   5.930269581233423E-004
       16.200000271201130   2.393134398919873E-002   6.018583442259271E-004
       16.400000274181370   2.486176799505246E-002   6.100365358550342E-004
       16.600000277161600   2.581661191298604E-002   6.209822151654440E-004
       16.800000280141830   2.679627770703740E-002   6.293159101877976E-004
       17.000000283122060   2.780111725617712E-002   6.378172948029189E-004
       17.200000286102300   2.883148007955572E-002   6.479059323342637E-004
       17.400000289082530   2.988779248920064E-002   6.629967998029156E-004
       17.600000292062760   3.097053709085906E-002   6.649355523203754E-004
       17.800000295042990   3.207993529104705E-002   6.753006511988415E-004
       18.000000298023220   3.321641885419814E-002   6.966661662682750E-004
       18.200000301003460   3.438055441386975E-002   6.858340381923509E-004
       18.400000303983690   3.557237306040393E-002   7.124605865942298E-004
       18.600000306963920   3.679253854404283E-002   7.163490544191674E-004
       18.800000309944150   3.804141004303979E-002   7.280453711119788E-004
       19.000000312924390   3.931938859914449E-002   7.375278971745853E-004
       19.200000315904620   4.062687573758845E-002   7.481302591657313E-004
       19.400000318884850   4.196424781272861E-002   7.526914369964954E-004
       19.600000321865080   4.333191838080790E-002   7.858777982722499E-004
       19.800000324845310   4.473058915110706E-002   7.538275643141867E-004
       20.000000327825550   4.615992151189797E-002   7.980503811650862E-004
       20.200000330805780   4.762089313684118E-002   7.998603924315258E-004
       20.400000333786010   4.911390555972289E-002   8.086275966519155E-004
       20.600000336766240   5.063927875952512E-002   8.197456143732633E-004
       20.800000339746480   5.219742632810028E-002   8.285451152824483E-004
       21.000000342726710   5.378878453798543E-002   8.476699725322963E-004
       21.200000345706940   5.541376955594877E-002   8.247960559922393E-004
       21.400000348687170   5.707280292348392E-002   9.603980870633989E-004
       21.600000351667400   5.876631213473336E-002   5.049879987789421E-004
       21.800000354647640   6.049467314121847E-002   2.247419047370847E-003
       22.000000357627870   6.225834884792659E-002  -4.197459312680430E-003
       22.200000360608100   6.398484205244086E-002   8.965043040492785E-003
       22.400000363588330   6.589410940689584E-002  -4.246591175247393E-003
       22.600000366568570   6.776562884391435E-002   2.359134213771290E-003
       22.800000369548800   6.967486116693207E-002   4.669870514545637E-004
       23.000000372529030   7.162152558147693E-002   1.387731142146524E-003
       23.200000375509260   7.360609099384709E-002  -3.327621156759983E-004
       23.400000378489490   7.561083217172013E-002   2.969682055796833E-003
       23.600000381469730   7.769065974868236E-002  -2.830065797945403E-004
       23.800000384449960   7.979154668349335E-002   1.321247846551859E-003
       24.000000387430190   8.193204791408394E-002   9.401593834377825E-004
       24.200000390410420   8.411263437863513E-002   9.308995345914610E-004
       24.400000393390660   8.633220303931123E-002   1.183571722669582E-003
       24.600000396370890   8.859594189854241E-002   9.603431605347669E-004
       24.800000399351120   9.089989495556061E-002   1.007185123474886E-003
       25.000000402331350   9.324359051311179E-002   9.722912478486272E-004
       25.200000405311580   9.562991399730987E-002   1.497838691604128E-003
       25.400000408291820   9.806605622385030E-002   5.091651143798754E-004
       25.600000411272050   1.005351833801732E-001   1.413240170797361E-003
       25.800000414252280   1.030521648071327E-001   1.016014583990687E-003
       26.000000417232510   1.056132137767326E-001   1.132832692304694E-003
       26.200000420212750   1.082186983765311E-001   1.117998977926936E-003
       26.400000423192980   1.108691422950412E-001   1.139069001755635E-003
       26.600000426173210   1.135650173485391E-001   1.140395060127138E-003
       26.800000429153440   1.163066171377982E-001   1.158060917508050E-003
       27.000000432133680   1.190946002604029E-001   1.184861064324491E-003
       27.200000435113910   1.219295199403289E-001   1.142978213576322E-003
       27.400000438094140   1.248114601813537E-001   1.296310035990010E-003
       27.600000441074370   1.277410598460486E-001   8.206949799209004E-004
       27.800000444054600   1.307133177343620E-001   1.819643396410509E-003
       28.000000447034840   1.337451941435950E-001   8.435093058526599E-004
       28.200000450015070   1.368206064326398E-001   1.336701157339313E-003
       28.400000452995300   1.399454757958374E-001   1.228246966615249E-003
       28.600000455975530   1.431204518082295E-001   1.266308131371835E-003
       28.800000458955770   1.463458185399563E-001   1.265128182848844E-003
       29.000000461936000   1.496219487534525E-001   1.287701175701506E-003
       29.200000464916230   1.529495705959080E-001   1.307811228065366E-003
       29.400000467896460   1.563292878724456E-001   1.295368791459801E-003
       29.600000470876690   1.597609984450037E-001   1.309707776752744E-003
       29.800000473856930   1.632452259808350E-001   1.343344357733848E-003
       30.000000476837160   1.667830168373836E-001   1.351412660463164E-003
       30.200000479817390   1.703747354424857E-001   1.340167042346902E-003
       30.400000482797620   1.740203952655490E-001   1.379101623210901E-003
       30.600000485777860   1.777209776154918E-001   1.381805251211186E-003
       30.800000488758090   1.814767759483061E-001   1.376074555822774E-003
       31.000000491738320   1.852878401431826E-001   1.403775587786485E-003
       31.200000494718550   1.891548828254919E-001   1.405595957691379E-003
       31.400000497698780   1.930784266511633E-001   1.449011833189498E-003
       31.600000500679020   1.970595891419627E-001   1.441156221181960E-003
       31.800000503659250   2.010984040878188E-001   1.434231282853674E-003
       32.000000506639480   2.051949534169434E-001   1.482075879581920E-003
       32.200000509619710   2.093503606399170E-001   1.466149013056141E-003
       32.400000512599950   2.135645989680955E-001   1.477993585934348E-003
       32.600000515580180   2.178380177519881E-001   1.498944735772210E-003
       32.800000518560410   2.221713614989417E-001   1.514971662230163E-003
       33.000000521540640   2.265652784900529E-001   1.527154968170706E-003
       33.200000524520870   2.310203619834035E-001   1.551383527551632E-003
       33.400000527501110   2.355372177526777E-001   1.533152034028207E-003
       33.600000530481340   2.401158512440952E-001   1.582666381658860E-003
       33.800000533461570   2.447573220097263E-001   1.561773290481142E-003
       34.000000536441800   2.494614305626986E-001   1.565908277575022E-003
       34.200000539422040   2.542284572863487E-001   1.612318919622631E-003
       34.400000542402270   2.590596922984636E-001   1.616059026623739E-003
       34.600000545382500   2.639554102981532E-001   1.595892821820791E-003
       34.800000548362730   2.689155667469238E-001   1.666136760188323E-003
       35.000000551342960   2.739419467256215E-001   1.673089330445407E-003
       35.200000554323200   2.790348035918279E-001   1.613038747154188E-003
       35.400000557303430   2.841931804265772E-001   1.702750669488113E-003
       35.600000560283660   2.894191282516512E-001   1.711606821528355E-003
       35.800000563263890   2.947130893231749E-001   1.652808707806283E-003
       36.000000566244130   3.000739768756349E-001   1.716130188508881E-003
       36.200000569224360   3.055029671602770E-001   1.698080061022997E-003
       36.400000572204590   3.110005860101596E-001   1.785834046694303E-003
       36.600000575184820   3.165688663105729E-001   1.757801015914538E-003
       36.800000578165050   3.222076411218157E-001   1.757138198932488E-003
       37.000000581145290   3.279166025459214E-001   1.741637804040110E-003
       37.200000584125520   3.336957664711951E-001   1.806685446279742E-003
       37.400000587105750   3.395469892306537E-001   1.840445216452199E-003
       37.600000590085980   3.454711778744433E-001   1.776416011358494E-003
       37.800000593066220   3.514669422677904E-001   1.790252851781309E-003
       38.000000596046450   3.575350847797891E-001   1.919290055713444E-003
       38.200000599026680   3.636781363074216E-001   1.768938935554773E-003
       38.400000602006910   3.698941155707711E-001   1.944114233603268E-003
       38.600000604987140   3.761860989108930E-001   1.855215306125065E-003
       38.800000607967380   3.825531522247042E-001   1.895520259699544E-003
       39.000000610947610   3.889955221906915E-001   1.860201144805721E-003
       39.200000613927840   3.955132105929897E-001   1.961440271024780E-003
       39.400000616908070   4.021082496938332E-001   1.896642207098538E-003
       39.600000619888310   4.087806906737422E-001   2.062272414387386E-003
       39.800000622868540   4.155327895642140E-001   1.802954363673555E-003
       40.000000625848770   4.223606588547579E-001   2.091469803007655E-003
       40.200000628829000   4.292684644998562E-001   1.821619250127426E-003
       40.400000631809240   4.362530656348593E-001   2.141376338891847E-003
       40.600000634789470   4.433205078785993E-001   2.039041334504659E-003
       40.800000637769700   4.504695696912146E-001   1.945393289526770E-003
       41.000000640749930   4.576974678009494E-001   2.004829722882622E-003
       41.200000643730160   4.650059316036692E-001   2.120141406541415E-003
       41.400000646710400   4.723977993828774E-001   2.025200751362572E-003
       41.600000649690630   4.798716668809556E-001   2.079013051935472E-003
       41.800000652670860   4.874284300122881E-001   2.093091658486295E-003
       42.000000655651090   4.950689804199671E-001   2.116711391511528E-003
       42.200000658631330   5.027944687901722E-001   2.180756774700076E-003
       42.400000661611560   5.106047387585699E-001   1.877500859572713E-003
       42.600000664591790   5.184962041942864E-001   2.488559521852960E-003
       42.800000667572020   5.264801386127405E-001   2.038608050274123E-003
       43.000000670552250   5.345487741487071E-001   2.062175525293458E-003
       43.200000673532490   5.427007617883600E-001   2.215505028895264E-003
       43.400000676512720   5.509405543296171E-001   2.246539207221058E-003
       43.600000679492950   5.592699162342995E-001   2.233742255609408E-003
       43.800000682473180   5.676883880976309E-001   2.184985169350837E-003
       44.000000685453420   5.761944689171350E-001   2.167660101243374E-003
       44.200000688433650   5.847882810755918E-001   2.304074876387896E-003
       44.400000691413880   5.934731835104246E-001   2.279581442398895E-003
       44.600000694394110   6.022498737199568E-001   2.345765148606981E-003
       44.800000697374340   6.111183914782968E-001   2.111489873853538E-003
       45.000000700354580   6.200767003367764E-001   2.676939975508324E-003
       45.200000703334810   6.291339704561538E-001   2.024938916393737E-003
       45.400000706315040   6.382785304048327E-001   2.316778363926885E-003
       45.600000709295270   6.475140656636821E-001   2.354243746773098E-003
       45.800000712275510   6.568431196051577E-001   2.294048624865205E-003
       46.000000715255740   6.662664744493348E-001   2.614696737427155E-003
       46.200000718235970   6.757884807513874E-001   2.044882665739528E-003
       46.400000721216200   6.854061090063386E-001   3.549065106938809E-003
       46.600000724196430   6.951161093421120E-001  -2.385331383093246E-003
       46.800000727176670   7.048519404674239E-001   9.866878740744068E-003
       47.000000730156900   7.148317880256909E-001  -4.797197274687605E-004
       47.200000733137130   7.248769178922844E-001   1.844346126267708E-003
       47.400000736117360   7.349874353713334E-001   2.910476798426340E-003
       47.600000739097600   7.452018864744288E-001   2.103789822362984E-003
       47.800000742077830   7.555105587110598E-001   2.807533521265248E-003
       48.000000745058060   7.659203204516532E-001   1.829501235026365E-003
       48.200000748038290   7.764425788822378E-001   6.748964534417150E-003
       48.400000751018520   7.870984051086853E-001  -8.790190590349644E-003
       48.600000753998760   7.976439771233251E-001   1.187366654869056E-002
       48.800000756978990   8.084460597342763E-001  -2.278873043976647E-004
       49.000000759959220   8.193478578612221E-001   3.995209622332476E-003
       49.200000762939450   8.303677716961668E-001   1.964404486886079E-003
       49.400000765919690   8.414833665710892E-001   2.499327999050998E-003
       49.600000768899920   8.527021539067381E-001   3.517152164568283E-003
       49.800000771880150   8.640390968321196E-001   1.155401274369940E-003
       50.000000774860380   8.754564990035268E-001   3.930129282147545E-003
       50.200000777840610   8.869970505304493E-001   1.596484373793685E-003
       50.400000780820850   8.986288096811868E-001   3.365076387195209E-003
       50.600000783801080   9.103822546664012E-001   3.196084705001179E-003
       50.800000786781310   9.222575928979258E-001   2.134571194405091E-003
       51.000000789761540   9.342238862261760E-001   1.908894619638808E-003
       51.200000792741780   9.462803989787363E-001   3.762763570224143E-003
       51.400000795722010   9.584662111033632E-001   2.434956331445516E-003
       51.600000798702240   9.707596116057128E-001   2.635667281446217E-003
       51.800000801682470   9.831593684193086E-001   2.975820754253671E-003
       52.000000804662700   9.956747169387823E-001   2.799805066477805E-003
       52.200000807642940        1.008303404770233   2.825855269733960E-003
       52.400000810623170        1.021044831649841   2.807630574154621E-003
       52.600000813603400        1.033898381175869   2.762018895423357E-003
       52.800000816583630        1.046864585359129   3.042491925393521E-003
       53.000000819563870        1.059947017892687   2.502265428189374E-003
       53.200000822544100        1.073137087929784   3.094071411344485E-003
       53.400000825524330        1.086444357943648   2.701444917701283E-003
       53.600000828504560        1.099865785310687   3.223751383693178E-003
       53.800000831484800        1.113407733623839   2.481690925710473E-003
       54.000000834465030        1.127060431809662   3.461965319142754E-003
       54.200000837445260        1.140841167771949   2.876113694757788E-003
       54.400000840425490        1.154740253952683   2.786112139971692E-003
       54.600000843405720        1.168752004975820   2.879163602091179E-003
       54.800000846385960        1.182879339230855   3.034717719695813E-003
       55.000000849366190        1.197126764836012   2.995667500446679E-003
       55.200000852346420        1.211497984425015   3.551709302129949E-003
       55.400000855326650        1.225992375597641   1.273232283857932E-003
       55.600000858306890        1.240580563793398   5.424914612875083E-003
       55.800000861287120        1.255333961826626   1.808584146502123E-003
       56.000000864267350        1.270193854208198   3.314900576812385E-003
       56.200000867247580        1.285174708321948   3.076072832276342E-003
       56.400000870227810        1.300280414169120   3.108567549188756E-003
       56.600000873208050        1.315508384550915   2.829336617761625E-003
       56.800000876188280        1.330854538463634   3.301615090054658E-003
       57.000000879168510        1.346329676778933   3.311862832584495E-003
       57.200000882148740        1.361936335953303   3.179061852126794E-003
       57.400000885128980        1.377670472328037   3.093469243755939E-003
       57.600000888109210        1.393530333382326   3.305762543960758E-003
       57.800000891089440        1.409518795104700   2.973580218387549E-003
       58.000000894069670        1.425634647248371   3.908479207368369E-003
       58.200000897049900        1.441874549376057   0.000000000000000E+000
